blockDim.x=6 blockDim.y=1    grid = 2 x 8
numBlocks = 16,  threadsPerBlock = 6   shared_mem_size = 128
5.00 5.00 5.00 5.00 5.00 5.00 5.00 5.00 5.00 5.00 5.00 5.00 
5.00 1.00 1.00 1.00 1.00 1.00 1.00 1.00 1.00 1.00 1.00 5.00 
5.00 1.00 1.00 1.00 1.00 1.00 1.00 1.00 1.00 1.00 1.00 5.00 
5.00 1.00 1.00 1.00 1.00 1.00 1.00 1.00 1.00 1.00 1.00 5.00 
5.00 1.00 1.00 1.00 1.00 1.00 1.00 1.00 1.00 1.00 1.00 5.00 
5.00 1.00 1.00 1.00 1.00 1.00 1.00 1.00 1.00 1.00 1.00 5.00 
5.00 1.00 1.00 1.00 1.00 1.00 1.00 1.00 1.00 1.00 1.00 5.00 
5.00 1.00 1.00 1.00 1.00 1.00 1.00 1.00 1.00 1.00 1.00 5.00 
5.00 1.00 1.00 1.00 1.00 1.00 1.00 1.00 1.00 1.00 1.00 5.00 
5.00 5.00 5.00 5.00 5.00 5.00 5.00 5.00 5.00 5.00 5.00 5.00 

5.00 5.00 5.00 5.00 5.00 5.00 5.00 5.00 5.00 5.00 5.00 5.00 
5.00 2.85 2.09 2.09 2.09 2.09 2.09 2.09 2.09 2.09 2.85 5.00 
5.00 2.09 0.95 0.95 0.95 0.95 0.95 0.95 0.95 0.95 2.09 5.00 
5.00 2.09 0.95 0.95 0.95 0.95 0.95 0.95 0.95 0.95 2.09 5.00 
5.00 2.09 0.95 0.95 0.95 0.95 0.95 0.95 0.95 0.95 2.09 5.00 
5.00 2.09 0.95 0.95 0.95 0.95 0.95 0.95 0.95 0.95 2.09 5.00 
5.00 2.09 0.95 0.95 0.95 0.95 0.95 0.95 0.95 0.95 2.09 5.00 
5.00 2.09 0.95 0.95 0.95 0.95 0.95 0.95 0.95 0.95 2.09 5.00 
5.00 2.85 2.09 2.09 2.09 2.09 2.09 2.09 2.09 2.09 2.85 5.00 
5.00 5.00 5.00 5.00 5.00 5.00 5.00 5.00 5.00 5.00 5.00 5.00 

Processing time: 0.041000 (ms)
blockDim.x=6 blockDim.y=1    grid = 2 x 8
numBlocks = 16,  threadsPerBlock = 6   shared_mem_size = 128
5.00 5.00 5.00 5.00 5.00 5.00 5.00 5.00 5.00 5.00 5.00 5.00 
5.00 1.00 1.00 1.00 1.00 1.00 1.00 1.00 1.00 1.00 1.00 5.00 
5.00 1.00 1.00 1.00 1.00 1.00 1.00 1.00 1.00 1.00 1.00 5.00 
5.00 1.00 1.00 1.00 1.00 1.00 1.00 1.00 1.00 1.00 1.00 5.00 
5.00 1.00 1.00 1.00 1.00 1.00 1.00 1.00 1.00 1.00 1.00 5.00 
5.00 1.00 1.00 1.00 1.00 1.00 1.00 1.00 1.00 1.00 1.00 5.00 
5.00 1.00 1.00 1.00 1.00 1.00 1.00 1.00 1.00 1.00 1.00 5.00 
5.00 1.00 1.00 1.00 1.00 1.00 1.00 1.00 1.00 1.00 1.00 5.00 
5.00 1.00 1.00 1.00 1.00 1.00 1.00 1.00 1.00 1.00 1.00 5.00 
5.00 5.00 5.00 5.00 5.00 5.00 5.00 5.00 5.00 5.00 5.00 5.00 

5.00 5.00 5.00 5.00 5.00 5.00 5.00 5.00 5.00 5.00 5.00 5.00 
5.00 2.85 1.71 1.71 1.71 1.71 1.71 1.71 1.71 1.71 2.47 5.00 
5.00 2.09 0.95 0.95 0.95 0.95 0.95 0.95 0.95 0.95 2.09 5.00 
5.00 2.09 0.95 0.95 0.95 0.95 0.95 0.95 0.95 0.95 2.09 5.00 
5.00 2.09 0.95 0.95 0.95 0.95 0.95 0.95 0.95 0.95 2.09 5.00 
5.00 2.09 0.95 0.95 0.95 0.95 0.95 0.95 0.95 0.95 2.09 5.00 
5.00 2.09 0.95 0.95 0.95 0.95 0.95 0.95 0.95 0.95 2.09 5.00 
5.00 2.09 0.95 0.95 0.95 0.95 0.95 0.95 0.95 0.95 2.09 5.00 
5.00 2.85 2.09 2.09 2.09 2.09 2.09 2.09 2.09 2.09 2.85 5.00 
5.00 5.00 5.00 5.00 5.00 5.00 5.00 5.00 5.00 5.00 5.00 5.00 

Processing time: 0.047000 (ms)
